2, 0, 1, True, 0.349709, 1,    0.1307, Optimal
2, 1, 1, True, 0.367066, -1,    0.1859, Optimal
2, 2, 1, True, 0.370675, 1,    0.1290, Optimal
2, 3, 1, True, 0.318805, -1,    0.2256, Optimal
2, 4, 1, True, 0.377135, -1,    0.1907, Optimal
2, 5, 1, True, 0.298035, -1,    0.1185, Optimal
2, 6, 1, True, 0.387646, -1,    0.1848, Optimal
2, 7, 1, True, 0.347801, -1,    0.2088, Optimal
2, 8, 1, True, 0.229747, -1,    0.1783, Optimal
2, 9, 1, True, 0.377408, 1,    0.1907, Optimal
2, 10, 1, True, 0.372724, 1,    0.2403, Optimal
2, 11, 1, True, 0.310515, 1,    0.1717, Optimal
2, 12, 1, True, 0.374912, -1,    0.1161, Optimal
2, 14, 1, True, 0.364220, -1,    0.1511, Optimal
2, 15, 1, True, 0.348013, 1,    0.1838, Optimal
2, 16, 1, True, 0.452706, 1,    0.1511, Optimal
2, 17, 1, True, 0.214626, 1,    0.1448, Optimal
2, 18, 1, True, 0.339759, 1,    0.1442, Optimal
2, 19, 1, True, 0.336871, 1,    0.1687, Optimal
2, 20, 1, True, 0.395441, -1,    0.1506, Optimal
2, 21, 1, True, 0.352156, -1,    0.1960, Optimal
2, 22, 1, True, 0.335834, 1,    0.1227, Optimal
2, 24, 1, True, 0.420372, -1,    0.2192, Optimal
2, 25, 1, True, 0.346894, 1,    0.2150, Optimal
2, 26, 1, True, 0.388477, -1,    0.2144, Optimal
2, 27, 1, True, 0.247993, 1,    0.1658, Optimal
2, 28, 1, True, 0.451647, -1,    0.1784, Optimal
2, 29, 1, True, 0.342902, 1,    0.1984, Optimal
2, 30, 1, True, 0.395301, -1,    0.1555, Optimal
2, 32, 1, True, 0.407788, -1,    0.1403, Optimal
2, 33, 1, True, 0.317735, -1,    0.1766, Optimal
2, 34, 1, True, 0.338003, 1,    0.2045, Optimal
2, 35, 1, True, 0.358179, 1,    0.1555, Optimal
2, 37, 1, True, 0.381591, 1,    0.1363, Optimal
2, 38, 1, True, 0.344081, 1,    0.1979, Optimal
2, 39, 1, True, 0.412698, 1,    0.1553, Optimal
2, 40, 1, True, 0.345625, -1,    0.1812, Optimal
2, 41, 1, True, 0.361456, -1,    0.1992, Optimal
2, 42, 0, True, 0.166227, 1,    0.1054, Optimal
2, 43, 1, True, 0.390407, -1,    0.1485, Optimal
2, 44, 1, True, 0.325644, 1,    0.1990, Optimal
2, 45, 1, True, 0.354658, -1,    0.1813, Optimal
2, 46, 1, True, 0.346558, 1,    0.1621, Optimal
2, 47, 1, True, 0.335688, -1,    0.1849, Optimal
2, 48, 1, True, 0.347097, 1,    0.1851, Optimal
2, 49, 1, True, 0.366844, 1,    0.1913, Optimal
2, 50, 1, True, 0.356569, -1,    0.1778, Optimal
2, 51, 1, True, 0.376102, -1,    0.1951, Optimal
2, 52, 1, True, 0.368574, 1,    0.1969, Optimal
2, 53, 1, True, 0.339207, 1,    0.1867, Optimal
3, 0, 1, True, 0.396680, 1,    0.2285, Optimal
3, 1, 1, True, 0.367066, -1,    0.2891, Optimal
3, 2, 1, True, 0.370675, 1,    0.2711, Optimal
3, 3, 1, True, 0.318805, -1,    0.1952, Optimal
3, 4, 1, True, 0.377135, -1,    0.3604, Optimal
3, 5, 1, True, 0.298035, -1,    0.2788, Optimal
3, 6, 1, True, 0.387646, -1,    0.1684, Optimal
3, 7, 1, True, 0.347801, -1,    0.2581, Optimal
3, 8, 1, True, 0.229747, -1,    0.1693, Optimal
3, 9, 1, True, 0.377408, 1,    0.1593, Optimal
3, 10, 1, True, 0.372724, 1,    0.2876, Optimal
3, 11, 1, True, 0.315542, 1,    0.2458, Optimal
3, 12, 1, True, 0.374912, -1,    0.2523, Optimal
3, 14, 1, True, 0.364220, -1,    0.1425, Optimal
3, 15, 1, True, 0.372539, 1,    0.2424, Optimal
3, 16, 1, True, 0.452706, 1,    0.2068, Optimal
3, 17, 1, True, 0.214626, 1,    0.2152, Optimal
3, 18, 1, True, 0.339759, 1,    0.2160, Optimal
3, 19, 1, True, 0.336871, 1,    0.2838, Optimal
3, 20, 1, True, 0.395441, -1,    0.1958, Optimal
3, 21, 1, True, 0.352156, -1,    0.2321, Optimal
3, 22, 1, True, 0.335834, 1,    0.2423, Optimal
3, 24, 1, True, 0.420372, -1,    0.2411, Optimal
3, 25, 1, True, 0.346894, 1,    0.2050, Optimal
3, 26, 1, True, 0.388477, -1,    0.2523, Optimal
3, 27, 1, True, 0.247993, 1,    0.2744, Optimal
3, 28, 1, True, 0.451647, -1,    0.2491, Optimal
3, 29, 1, True, 0.342902, 1,    0.2430, Optimal
3, 30, 1, True, 0.395301, -1,    0.3058, Optimal
3, 32, 1, True, 0.407788, -1,    0.2096, Optimal
3, 33, 1, True, 0.317735, -1,    0.2108, Optimal
3, 34, 1, True, 0.356228, 1,    0.2930, Optimal
3, 35, 1, True, 0.358179, 1,    0.2825, Optimal
3, 37, 1, True, 0.381591, 1,    0.2366, Optimal
3, 38, 1, True, 0.370420, 1,    0.2395, Optimal
3, 39, 1, True, 0.412699, 1,    0.2880, Optimal
3, 40, 1, True, 0.345625, -1,    0.2767, Optimal
3, 41, 1, True, 0.361456, -1,    0.3093, Optimal
3, 42, 0, True, 0.276626, 1,    0.1597, Optimal
3, 43, 1, True, 0.390407, -1,    0.1753, Optimal
3, 44, 1, True, 0.325644, 1,    0.2758, Optimal
3, 45, 1, True, 0.354658, -1,    0.2042, Optimal
3, 46, 1, True, 0.346558, 1,    0.2025, Optimal
3, 47, 1, True, 0.335688, -1,    0.2026, Optimal
3, 48, 1, True, 0.347097, 1,    0.1503, Optimal
3, 49, 1, True, 0.366844, 1,    0.2263, Optimal
3, 50, 1, True, 0.356569, -1,    0.1894, Optimal
3, 51, 1, True, 0.376102, -1,    0.2964, Optimal
3, 52, 1, True, 0.368574, 1,    0.2732, Optimal
3, 53, 1, True, 0.342418, 1,    0.2194, Optimal
4, 0, 1, True, 0.396680, 1,    0.3909, Optimal
4, 1, 1, True, 0.367066, -1,    0.2562, Optimal
4, 2, 1, True, 0.370675, 1,    0.2761, Optimal
4, 3, 1, True, 0.318805, -1,    0.2046, Optimal
4, 4, 1, True, 0.377135, -1,    0.3216, Optimal
4, 5, 1, True, 0.298035, -1,    0.2451, Optimal
4, 6, 1, True, 0.387646, -1,    0.1993, Optimal
4, 7, 1, True, 0.347801, -1,    0.2057, Optimal
4, 8, 1, True, 0.229747, -1,    0.1908, Optimal
4, 9, 1, True, 0.377408, 1,    0.2252, Optimal
4, 10, 1, True, 0.372724, 1,    0.3517, Optimal
4, 11, 1, True, 0.315542, 1,    0.3409, Optimal
4, 12, 1, True, 0.374912, -1,    0.2741, Optimal
4, 14, 1, True, 0.364220, -1,    0.2779, Optimal
4, 15, 1, True, 0.372539, 1,    0.2785, Optimal
4, 16, 1, True, 0.452706, 1,    0.3862, Optimal
4, 17, 1, True, 0.214626, 1,    0.3221, Optimal
4, 18, 1, True, 0.339759, 1,    0.2390, Optimal
4, 19, 1, True, 0.336871, 1,    0.3840, Optimal
4, 20, 1, True, 0.395441, -1,    0.2234, Optimal
4, 21, 1, True, 0.352156, -1,    0.2167, Optimal
4, 22, 1, True, 0.335834, 1,    0.2955, Optimal
4, 24, 1, True, 0.420372, -1,    0.4503, Optimal
4, 25, 1, True, 0.346894, 1,    0.2355, Optimal
4, 26, 1, True, 0.388477, -1,    0.3594, Optimal
4, 27, 1, True, 0.247993, 1,    0.3012, Optimal
4, 28, 1, True, 0.451647, -1,    0.2530, Optimal
4, 29, 1, True, 0.342902, 1,    0.2810, Optimal
4, 30, 1, True, 0.395301, -1,    0.2736, Optimal
4, 32, 1, True, 0.407788, -1,    0.2337, Optimal
4, 33, 1, True, 0.317735, -1,    0.2793, Optimal
4, 34, 1, True, 0.356228, 1,    0.2318, Optimal
4, 35, 1, True, 0.358179, 1,    0.2369, Optimal
4, 37, 1, True, 0.381591, 1,    0.3441, Optimal
4, 38, 1, True, 0.370420, 1,    0.3154, Optimal
4, 39, 1, True, 0.412698, 1,    0.4689, Optimal
4, 40, 1, True, 0.345625, -1,    0.2210, Optimal
4, 41, 1, True, 0.361456, -1,    0.2194, Optimal
4, 42, 0, True, 0.305498, 1,    0.2761, Optimal
4, 43, 1, True, 0.390407, -1,    0.3345, Optimal
4, 44, 1, True, 0.325644, 1,    0.3797, Optimal
4, 45, 1, True, 0.354658, -1,    0.1871, Optimal
4, 46, 1, True, 0.346558, 1,    0.4187, Optimal
4, 47, 1, True, 0.335688, -1,    0.3292, Optimal
4, 48, 1, True, 0.347097, 1,    0.2081, Optimal
4, 49, 1, True, 0.366844, 1,    0.3041, Optimal
4, 50, 1, True, 0.356569, -1,    0.2771, Optimal
4, 51, 1, True, 0.376102, -1,    0.2191, Optimal
4, 52, 1, True, 0.368574, 1,    0.2506, Optimal
4, 53, 1, True, 0.342418, 1,    0.2861, Optimal
5, 0, 1, True, 0.396680, 1,    0.3698, Optimal
5, 1, 1, True, 0.367066, -1,    0.2475, Optimal
5, 2, 1, True, 0.370675, 1,    0.3275, Optimal
5, 3, 1, True, 0.318805, -1,    0.3402, Optimal
5, 4, 1, True, 0.377135, -1,    0.4233, Optimal
5, 5, 1, True, 0.298035, -1,    0.3915, Optimal
5, 6, 1, True, 0.387646, -1,    0.3661, Optimal
5, 7, 1, True, 0.347801, -1,    0.3928, Optimal
5, 8, 1, True, 0.229747, -1,    0.3129, Optimal
5, 9, 1, True, 0.377408, 1,    0.3475, Optimal
5, 10, 1, True, 0.372724, 1,    0.5143, Optimal
5, 11, 1, True, 0.315542, 1,    0.4619, Optimal
5, 12, 1, True, 0.374912, -1,    0.4703, Optimal
5, 14, 1, True, 0.364220, -1,    0.2717, Optimal
5, 15, 1, True, 0.372539, 1,    0.3738, Optimal
5, 16, 1, True, 0.452706, 1,    0.5045, Optimal
5, 17, 1, True, 0.214626, 1,    0.2908, Optimal
5, 18, 1, True, 0.339759, 1,    0.3349, Optimal
5, 19, 1, True, 0.336871, 1,    0.4035, Optimal
5, 20, 1, True, 0.395441, -1,    0.3309, Optimal
5, 21, 1, True, 0.352156, -1,    0.4220, Optimal
5, 22, 1, True, 0.335834, 1,    0.3181, Optimal
5, 24, 1, True, 0.420372, -1,    0.4471, Optimal
5, 25, 1, True, 0.346894, 1,    0.4076, Optimal
5, 26, 1, True, 0.388477, -1,    0.5755, Optimal
5, 27, 1, True, 0.247993, 1,    0.3090, Optimal
5, 28, 1, True, 0.451646, -1,    0.3910, Optimal
5, 29, 1, True, 0.342902, 1,    0.3176, Optimal
5, 30, 1, True, 0.395301, -1,    0.4061, Optimal
5, 32, 1, True, 0.407788, -1,    0.2983, Optimal
5, 33, 1, True, 0.317735, -1,    0.4324, Optimal
5, 34, 1, True, 0.356228, 1,    0.3500, Optimal
5, 35, 1, True, 0.358179, 1,    0.3359, Optimal
5, 37, 1, True, 0.381591, 1,    0.4500, Optimal
5, 38, 1, True, 0.370420, 1,    0.4256, Optimal
5, 39, 1, True, 0.412699, 1,    0.3711, Optimal
5, 40, 1, True, 0.345625, -1,    0.4416, Optimal
5, 41, 1, True, 0.361456, -1,    0.4436, Optimal
5, 42, 0, True, 0.305498, 1,    0.2965, Optimal
5, 43, 1, True, 0.390407, -1,    0.4167, Optimal
5, 44, 1, True, 0.325644, 1,    0.6407, Optimal
5, 45, 1, True, 0.354658, -1,    0.4475, Optimal
5, 46, 1, True, 0.346558, 1,    0.3397, Optimal
5, 47, 1, True, 0.335688, -1,    0.2681, Optimal
5, 48, 1, True, 0.347097, 1,    0.2725, Optimal
5, 49, 1, True, 0.366844, 1,    0.2734, Optimal
5, 50, 1, True, 0.367844, -1,    0.2387, Optimal
5, 51, 1, True, 0.376102, -1,    0.3025, Optimal
5, 52, 1, True, 0.368574, 1,    0.4543, Optimal
5, 53, 1, True, 0.342418, 1,    0.3777, Optimal
Total time  53.7508258940652 

10, 0, 1, True, 0.396680, 1,    0.8724, Optimal
10, 1, 1, True, 0.367066, -1,    0.3433, Optimal
10, 2, 1, True, 0.370675, 1,    0.5273, Optimal
10, 3, 1, True, 0.318805, -1,    0.6302, Optimal
10, 4, 1, True, 0.377135, -1,    0.8644, Optimal

15, 0, 1, True, 0.556356, 1,    0.9469, Optimal
15, 1, 1, True, 0.367066, -1,    0.4733, Optimal
15, 2, 1, True, 0.370675, 1,    0.6242, Optimal
15, 3, 1, True, 0.339187, -1,    0.9680, Optimal
15, 4, 1, True, 0.377135, -1,    0.8750, Optimal

20, 0, 1, True, 0.556356, 1,    1.8244, Optimal
20, 1, 1, True, 0.444371, 1,    1.3926, Optimal
20, 2, 1, True, 0.442548, 1,    1.2789, Optimal
20, 3, 1, True, 0.418533, 1,    2.4423, Optimal
20, 4, 1, True, 0.435631, -1,    1.3101, Optimal

25, 0, 1, True, 0.556356, 1,    7.5485, Optimal
25, 1, 1, True, 0.459555, 1,    4.9571, Optimal
25, 2, 1, True, 0.444130, 1,    7.0515, Optimal
25, 3, 1, True, 0.418533, 1,    3.5009, Optimal
25, 4, 1, True, 0.435631, -1,   21.5504, Optimal

30, 0, 1, True, 0.556356, 1,    3.6822, Optimal
30, 1, 1, True, 0.459555, 1,    8.1001, Optimal
30, 2, 1, True, 0.444130, 1,    4.6745, Optimal
30, 3, 1, True, 0.418533, 1,   10.9502, Optimal
30, 4, 1, True, 0.435631, -1,    3.9335, Optimal

35, 0, 1, True, 0.556356, 1,    2.6153, Optimal
35, 1, 1, True, 0.459555, 1,    9.9173, Optimal
35, 2, 1, True, 0.444130, 1,    3.4783, Optimal
35, 3, 1, True, 0.418533, 1,   10.6364, Optimal
35, 4, 1, True, 0.435631, -1,   12.6674, Optimal

40, 0, 1, True, 0.556356, 1,   10.9643, Optimal
40, 1, 1, True, 0.459555, 1,    9.8209, Optimal
40, 2, 1, True, 0.444130, 1,   12.7867, Optimal
40, 3, 1, True, 0.418533, 1,   13.0141, Optimal
40, 4, 1, True, 0.435631, -1,   14.0154, Optimal

45, 0, 1, True, 0.556781, 1,   16.8320, Optimal
45, 1, 1, True, 0.459555, 1,    4.3306, Optimal
45, 2, 1, True, 0.444130, 1,    4.8777, Optimal
45, 3, 1, True, 0.418533, 1,    5.3779, Optimal
45, 4, 1, True, 0.454380, -1,    5.7426, Optimal

50, 0, 1, True, 0.570459, 1,   16.4596, Optimal
50, 1, 1, True, 0.459555, 1,   10.5461, Optimal
50, 2, 1, True, 0.444130, 1,    4.5022, Optimal
50, 3, 1, True, 0.418533, 1,    8.9503, Optimal
50, 4, 1, True, 0.454380, -1,    6.1148, Optimal
Total time  274.97187507431954 
